New Course ==========================================
42.177181, -83.652282, 239.80, 0.00, 0.00, 16:13:13
42.177181, -83.652282, 239.80, 0.00, 0.00, 16:13:13
42.177181, -83.652282, 239.90, 0.00, 0.00, 16:13:13
42.177181, -83.652282, 239.90, 0.08, 0.17, 16:13:14
42.177181, -83.652282, 239.90, 0.08, 0.17, 16:13:14
42.177181, -83.652282, 239.90, 0.08, 0.17, 16:13:14
42.177181, -83.652282, 239.90, 0.08, 0.17, 16:13:15
42.177177, -83.652282, 239.90, 0.07, 0.15, 16:13:15
42.177177, -83.652275, 240.00, 0.07, 0.15, 16:13:15
42.177177, -83.652275, 240.00, 0.07, 0.15, 16:13:16
42.177177, -83.652275, 240.00, 0.07, 0.15, 16:13:16
42.177177, -83.652275, 240.00, 0.07, 0.15, 16:13:17
42.177177, -83.652275, 240.00, 0.04, 0.09, 16:13:17
42.177177, -83.652275, 240.00, 0.04, 0.09, 16:13:17
42.177177, -83.652275, 240.00, 0.05, 0.12, 16:13:17
42.177177, -83.652275, 240.00, 0.05, 0.12, 16:13:18
42.177177, -83.652275, 240.10, 0.05, 0.12, 16:13:18
42.177177, -83.652275, 240.10, 0.05, 0.12, 16:13:18
42.177177, -83.652275, 240.10, 0.05, 0.12, 16:13:19
42.177177, -83.652275, 240.10, 0.05, 0.12, 16:13:19
42.177177, -83.652275, 240.10, 0.06, 0.13, 16:13:19
42.177177, -83.652275, 240.20, 0.06, 0.13, 16:13:20
42.177177, -83.652275, 240.20, 0.05, 0.12, 16:13:20
42.177177, -83.652275, 240.20, 0.05, 0.12, 16:13:20
42.177177, -83.652275, 240.20, 0.05, 0.12, 16:13:21
42.177177, -83.652275, 240.20, 0.09, 0.20, 16:13:21
42.177177, -83.652275, 240.20, 0.09, 0.20, 16:13:21
42.177177, -83.652275, 240.20, 0.09, 0.20, 16:13:22
42.177177, -83.652275, 240.20, 0.06, 0.13, 16:13:22
42.177177, -83.652275, 240.20, 0.06, 0.13, 16:13:22
42.177177, -83.652275, 240.20, 0.06, 0.13, 16:13:23
42.177177, -83.652275, 240.20, 0.01, 0.02, 16:13:23
42.177177, -83.652275, 240.30, 0.01, 0.02, 16:13:23
42.177177, -83.652275, 240.30, 0.01, 0.02, 16:13:24
42.177177, -83.652275, 240.30, 0.03, 0.06, 16:13:24
42.177177, -83.652275, 240.30, 0.03, 0.06, 16:13:24
42.177177, -83.652275, 240.30, 0.03, 0.06, 16:13:25
42.177177, -83.652275, 240.30, 0.01, 0.01, 16:13:25
42.177177, -83.652275, 240.30, 0.01, 0.01, 16:13:25
42.177177, -83.652275, 240.30, 0.01, 0.01, 16:13:26
42.177177, -83.652275, 240.30, 0.01, 0.01, 16:13:26
42.177177, -83.652275, 240.30, 0.01, 0.01, 16:13:26
42.177177, -83.652275, 240.30, 0.01, 0.01, 16:13:27
42.177177, -83.652275, 240.30, 0.01, 0.01, 16:13:27
42.177177, -83.652275, 240.30, 0.01, 0.01, 16:13:27
42.177177, -83.652275, 240.30, 0.01, 0.02, 16:13:27
42.177177, -83.652275, 240.30, 0.01, 0.01, 16:13:28
42.177177, -83.652275, 240.30, 0.00, 0.00, 16:13:28
42.177177, -83.652275, 240.30, 0.00, 0.00, 16:13:28
42.177177, -83.652275, 240.30, 0.01, 0.01, 16:13:28
42.177177, -83.652275, 240.30, 0.01, 0.01, 16:13:29
42.177177, -83.652275, 240.30, 0.00, 0.00, 16:13:29
42.177177, -83.652275, 240.30, 0.01, 0.01, 16:13:29
42.177177, -83.652275, 240.30, 0.01, 0.01, 16:13:29
42.177177, -83.652275, 240.30, 0.01, 0.01, 16:13:30
42.177177, -83.652275, 240.30, 0.01, 0.01, 16:13:30
42.177177, -83.652275, 240.30, 0.01, 0.01, 16:13:31
42.177177, -83.652275, 240.30, 0.01, 0.02, 16:13:31
42.177177, -83.652275, 240.30, 0.00, 0.00, 16:13:31
42.177177, -83.652275, 240.30, 0.01, 0.01, 16:13:31
42.177177, -83.652275, 240.30, 0.01, 0.01, 16:13:32
42.177177, -83.652275, 240.30, 0.00, 0.00, 16:13:32
42.177177, -83.652275, 240.30, 0.00, 0.00, 16:13:32
42.177177, -83.652275, 240.30, 0.01, 0.01, 16:13:32
42.177177, -83.652275, 240.30, 0.01, 0.01, 16:13:33
42.177177, -83.652275, 240.30, 0.00, 0.00, 16:13:33
42.177177, -83.652275, 240.30, 0.00, 0.00, 16:13:33
42.177177, -83.652275, 240.30, 0.00, 0.00, 16:13:34
42.177177, -83.652275, 240.30, 0.00, 0.00, 16:13:34
42.177177, -83.652275, 240.30, 0.00, 0.00, 16:13:34
42.177177, -83.652275, 240.30, 0.01, 0.01, 16:13:35
42.177177, -83.652275, 240.30, 0.01, 0.01, 16:13:35
42.177177, -83.652275, 240.30, 0.01, 0.01, 16:13:35
42.177177, -83.652275, 240.30, 0.00, 0.00, 16:13:36
42.177177, -83.652275, 240.30, 0.00, 0.00, 16:13:36
42.177177, -83.652275, 240.30, 0.00, 0.00, 16:13:36
42.177177, -83.652275, 240.30, 0.00, 0.00, 16:13:36
42.177177, -83.652275, 240.30, 0.00, 0.00, 16:13:37
42.177177, -83.652275, 240.30, 0.00, 0.00, 16:13:37
42.177177, -83.652275, 240.30, 0.00, 0.00, 16:13:37
42.177177, -83.652275, 240.30, 0.00, 0.00, 16:13:37
42.177177, -83.652275, 240.30, 0.00, 0.00, 16:13:38
42.177177, -83.652275, 240.30, 0.00, 0.00, 16:13:38
42.177177, -83.652275, 240.30, 0.00, 0.00, 16:13:39
42.177177, -83.652275, 240.30, 0.00, 0.00, 16:13:39
42.177177, -83.652275, 240.30, 0.00, 0.00, 16:13:39
42.177177, -83.652275, 240.30, 0.01, 0.01, 16:13:40
42.177177, -83.652275, 240.30, 0.01, 0.01, 16:13:40
42.177177, -83.652275, 240.30, 0.01, 0.01, 16:13:40
42.177177, -83.652275, 240.30, 0.01, 0.02, 16:13:41
42.177177, -83.652275, 240.30, 0.01, 0.02, 16:13:41
42.177177, -83.652275, 240.30, 0.01, 0.02, 16:13:41
42.177177, -83.652275, 240.30, 0.01, 0.02, 16:13:42
42.177177, -83.652275, 240.30, 0.01, 0.01, 16:13:42
42.177177, -83.652275, 240.30, 0.02, 0.03, 16:13:42
42.177177, -83.652275, 240.30, 0.02, 0.03, 16:13:43
42.177177, -83.652275, 240.30, 0.01, 0.01, 16:13:43
42.177177, -83.652275, 240.30, 0.01, 0.01, 16:13:43
42.177177, -83.652275, 240.30, 0.01, 0.01, 16:13:44
42.177177, -83.652275, 240.30, 0.01, 0.01, 16:13:44
42.177177, -83.652275, 240.30, 0.01, 0.01, 16:13:44
42.177177, -83.652275, 240.30, 0.01, 0.01, 16:13:45
42.177177, -83.652275, 240.30, 0.01, 0.01, 16:13:45
42.177177, -83.652275, 240.30, 0.01, 0.01, 16:13:45
42.177177, -83.652275, 240.30, 0.01, 0.01, 16:13:46
42.177177, -83.652275, 240.30, 0.02, 0.03, 16:13:46
42.177181, -83.652275, 240.30, 0.02, 0.03, 16:13:46
42.177181, -83.652275, 240.30, 0.02, 0.03, 16:13:47
42.177181, -83.652275, 240.30, 0.02, 0.03, 16:13:47
42.177181, -83.652275, 240.30, 0.02, 0.03, 16:13:47
42.177181, -83.652275, 240.30, 0.02, 0.03, 16:13:47
42.177181, -83.652275, 240.30, 0.01, 0.01, 16:13:48
42.177181, -83.652275, 240.30, 0.00, 0.00, 16:13:48
42.177181, -83.652275, 240.30, 0.00, 0.00, 16:13:48
42.177181, -83.652275, 240.30, 0.00, 0.00, 16:13:49
42.177181, -83.652275, 240.30, 0.01, 0.01, 16:13:49
42.177181, -83.652275, 240.30, 0.01, 0.01, 16:13:49
42.177181, -83.652275, 240.30, 0.01, 0.01, 16:13:50
42.177181, -83.652275, 240.30, 0.01, 0.01, 16:13:50
42.177181, -83.652275, 240.30, 0.01, 0.01, 16:13:50
42.177181, -83.652275, 240.30, 0.01, 0.01, 16:13:51
42.177181, -83.652275, 240.30, 0.01, 0.01, 16:13:51
42.177181, -83.652275, 240.30, 0.01, 0.01, 16:13:51
42.177181, -83.652275, 240.30, 0.01, 0.01, 16:13:52
42.177181, -83.652275, 240.30, 0.04, 0.09, 16:13:52
42.177181, -83.652275, 240.30, 0.08, 0.17, 16:13:52
42.177181, -83.652275, 240.30, 0.08, 0.17, 16:13:53
42.177181, -83.652275, 240.30, 0.02, 0.03, 16:13:53
42.177181, -83.652275, 240.30, 0.11, 0.24, 16:13:53
42.177181, -83.652275, 240.30, 1.08, 2.41, 16:13:53
42.177185, -83.652275, 240.30, 1.08, 2.41, 16:13:54
42.177192, -83.652275, 240.30, 1.08, 2.41, 16:13:54
42.177196, -83.652267, 240.30, 1.74, 3.90, 16:13:54
42.177204, -83.652259, 240.30, 2.09, 4.67, 16:13:54
42.177211, -83.652259, 240.30, 2.15, 4.81, 16:13:55
42.177234, -83.652267, 240.70, 2.15, 4.81, 16:13:55
42.177265, -83.652275, 241.00, 2.15, 4.81, 16:13:55
42.177284, -83.652282, 241.10, 2.15, 4.81, 16:13:56
42.177284, -83.652290, 241.10, 3.54, 7.93, 16:13:56
42.177276, -83.652297, 241.40, 3.54, 7.93, 16:13:56
42.177280, -83.652297, 241.60, 3.54, 7.93, 16:13:57
42.177280, -83.652297, 241.60, 3.54, 7.93, 16:13:57
42.177291, -83.652290, 241.50, 3.54, 7.93, 16:13:57
42.177299, -83.652290, 241.50, 3.54, 7.93, 16:13:58
42.177299, -83.652290, 241.50, 0.58, 1.29, 16:13:58
42.177303, -83.652290, 241.70, 0.58, 1.29, 16:13:58
42.177307, -83.652290, 241.80, 0.58, 1.29, 16:13:59
42.177307, -83.652290, 241.80, 0.27, 0.61, 16:13:59
42.177310, -83.652290, 242.00, 0.27, 0.61, 16:13:59
42.177310, -83.652282, 242.30, 0.27, 0.61, 16:14:00
42.177310, -83.652282, 242.30, 0.10, 0.22, 16:14:00
42.177314, -83.652282, 242.30, 0.09, 0.20, 16:14:00
42.177314, -83.652282, 242.30, 0.08, 0.18, 16:14:00
42.177314, -83.652290, 242.80, 0.08, 0.18, 16:14:01
42.177318, -83.652290, 243.00, 0.08, 0.18, 16:14:01
42.177318, -83.652290, 243.00, 0.11, 0.25, 16:14:01
42.177318, -83.652290, 243.00, 0.09, 0.21, 16:14:01
42.177318, -83.652290, 243.00, 0.09, 0.21, 16:14:02
42.177318, -83.652290, 243.00, 0.09, 0.20, 16:14:02
42.177322, -83.652290, 243.10, 0.09, 0.20, 16:14:02
42.177322, -83.652290, 243.10, 0.09, 0.21, 16:14:02
42.177322, -83.652290, 243.10, 0.09, 0.21, 16:14:03
42.177322, -83.652290, 243.10, 0.12, 0.26, 16:14:03
42.177322, -83.652290, 243.10, 0.15, 0.33, 16:14:03
42.177322, -83.652290, 243.10, 0.15, 0.33, 16:14:04
42.177326, -83.652290, 243.10, 0.19, 0.41, 16:14:04
42.177326, -83.652290, 243.10, 0.19, 0.41, 16:14:04
42.177326, -83.652290, 243.10, 0.19, 0.41, 16:14:04
42.177326, -83.652290, 243.10, 0.19, 0.41, 16:14:05
42.177326, -83.652290, 243.10, 0.19, 0.41, 16:14:05
42.177330, -83.652290, 243.10, 0.19, 0.41, 16:14:06
42.177330, -83.652290, 243.10, 0.19, 0.41, 16:14:06
42.177330, -83.652290, 243.10, 0.19, 0.41, 16:14:06
42.177330, -83.652290, 243.10, 0.22, 0.48, 16:14:07
42.177330, -83.652290, 243.10, 0.22, 0.48, 16:14:07
42.177330, -83.652290, 243.10, 0.22, 0.48, 16:14:07
42.177330, -83.652290, 243.10, 0.11, 0.24, 16:14:08
42.177330, -83.652290, 243.10, 0.11, 0.24, 16:14:08
42.177330, -83.652290, 243.10, 0.11, 0.24, 16:14:08
42.177330, -83.652290, 243.10, 0.10, 0.23, 16:14:09
42.177330, -83.652290, 243.10, 0.10, 0.23, 16:14:09
42.177330, -83.652290, 243.10, 0.10, 0.23, 16:14:09
42.177333, -83.652290, 243.10, 0.10, 0.23, 16:14:10
42.177333, -83.652290, 243.10, 0.10, 0.23, 16:14:10
42.177333, -83.652290, 243.10, 0.10, 0.23, 16:14:11
42.177333, -83.652290, 243.10, 0.03, 0.07, 16:14:11
42.177333, -83.652290, 243.10, 0.04, 0.08, 16:14:11
42.177333, -83.652290, 243.10, 0.04, 0.08, 16:14:11
42.177333, -83.652290, 243.10, 0.04, 0.08, 16:14:12
42.177333, -83.652290, 243.10, 0.04, 0.08, 16:14:12
42.177333, -83.652290, 243.10, 0.04, 0.08, 16:14:12
42.177333, -83.652290, 243.10, 0.13, 0.30, 16:14:13
42.177333, -83.652290, 243.10, 0.13, 0.30, 16:14:13
42.177333, -83.652297, 243.10, 0.13, 0.30, 16:14:13
42.177333, -83.652297, 243.10, 0.13, 0.30, 16:14:14
42.177333, -83.652297, 243.10, 0.11, 0.25, 16:14:14
42.177333, -83.652297, 243.10, 0.11, 0.25, 16:14:14
42.177333, -83.652297, 243.10, 0.11, 0.25, 16:14:15
42.177333, -83.652297, 243.10, 0.11, 0.25, 16:14:15
42.177337, -83.652297, 243.10, 0.11, 0.25, 16:14:16
42.177337, -83.652290, 243.10, 0.11, 0.25, 16:14:16
42.177337, -83.652290, 243.10, 0.11, 0.25, 16:14:16
42.177337, -83.652290, 243.10, 0.11, 0.25, 16:14:17
42.177337, -83.652290, 243.10, 0.16, 0.37, 16:14:17
42.177337, -83.652290, 243.10, 0.16, 0.37, 16:14:17
42.177337, -83.652290, 243.10, 0.16, 0.37, 16:14:17
42.177337, -83.652290, 243.10, 0.16, 0.37, 16:14:18
END =================================================


New Course ==========================================
42.177349, -83.652290, 243.10, 0.26, 0.58, 16:14:23
42.177349, -83.652290, 243.10, 0.26, 0.58, 16:14:23
42.177349, -83.652290, 243.20, 0.26, 0.58, 16:14:24
42.177349, -83.652290, 243.20, 0.24, 0.54, 16:14:24
42.177349, -83.652290, 243.20, 0.24, 0.53, 16:14:24
42.177349, -83.652290, 243.20, 0.24, 0.53, 16:14:24
42.177352, -83.652290, 243.20, 0.24, 0.53, 16:14:24
42.177352, -83.652290, 243.20, 0.23, 0.51, 16:14:25
42.177352, -83.652290, 243.20, 0.22, 0.49, 16:14:25
42.177352, -83.652290, 243.20, 0.22, 0.49, 16:14:25
42.177352, -83.652290, 243.20, 0.22, 0.49, 16:14:26
42.177356, -83.652290, 243.20, 0.22, 0.49, 16:14:26
42.177356, -83.652290, 243.20, 0.17, 0.39, 16:14:26
42.177356, -83.652290, 243.20, 0.17, 0.39, 16:14:27
42.177356, -83.652290, 243.20, 0.17, 0.39, 16:14:27
42.177356, -83.652290, 243.20, 0.21, 0.46, 16:14:27
42.177356, -83.652290, 243.20, 0.19, 0.43, 16:14:27
42.177356, -83.652290, 243.20, 0.19, 0.43, 16:14:28
42.177356, -83.652290, 243.20, 0.19, 0.41, 16:14:28
42.177356, -83.652290, 243.20, 0.19, 0.41, 16:14:28
42.177360, -83.652290, 243.20, 0.19, 0.41, 16:14:29
42.177360, -83.652290, 243.20, 0.19, 0.43, 16:14:29
42.177364, -83.652290, 243.20, 0.19, 0.43, 16:14:29
42.177368, -83.652290, 243.20, 0.19, 0.43, 16:14:30
42.177371, -83.652290, 243.20, 0.19, 0.43, 16:14:30
42.177371, -83.652290, 243.20, 0.19, 0.43, 16:14:30
42.177371, -83.652290, 243.20, 0.19, 0.41, 16:14:31
42.177371, -83.652290, 243.20, 0.19, 0.41, 16:14:31
42.177375, -83.652290, 243.40, 0.19, 0.41, 16:14:31
42.177375, -83.652297, 243.40, 0.19, 0.41, 16:14:32
42.177379, -83.652297, 243.50, 0.19, 0.41, 16:14:32
42.177383, -83.652297, 243.50, 0.19, 0.41, 16:14:32
42.177387, -83.652297, 243.60, 0.19, 0.41, 16:14:33
42.177391, -83.652305, 243.60, 0.19, 0.41, 16:14:33
42.177391, -83.652305, 243.60, 0.19, 0.41, 16:14:34
42.177391, -83.652305, 243.60, 0.19, 0.41, 16:14:34
42.177391, -83.652305, 243.60, 0.19, 0.41, 16:14:34
42.177391, -83.652305, 243.60, 0.19, 0.41, 16:14:35
42.177391, -83.652305, 243.60, 0.19, 0.41, 16:14:35
42.177391, -83.652305, 243.60, 0.06, 0.13, 16:14:35
42.177391, -83.652305, 243.60, 0.06, 0.14, 16:14:36
42.177391, -83.652305, 243.60, 0.07, 0.15, 16:14:36
42.177391, -83.652305, 243.60, 0.08, 0.18, 16:14:36
42.177391, -83.652305, 243.60, 0.08, 0.18, 16:14:36
42.177391, -83.652297, 243.60, 0.08, 0.18, 16:14:37
42.177391, -83.652297, 243.60, 0.08, 0.18, 16:14:37
42.177394, -83.652297, 243.60, 0.08, 0.18, 16:14:38
42.177394, -83.652297, 243.60, 0.06, 0.13, 16:14:38
42.177394, -83.652297, 243.60, 0.06, 0.13, 16:14:38
42.177394, -83.652297, 243.60, 0.06, 0.13, 16:14:39
42.177394, -83.652297, 243.60, 0.06, 0.13, 16:14:39
42.177391, -83.652297, 243.60, 0.12, 0.26, 16:14:39
42.177391, -83.652297, 243.60, 0.13, 0.29, 16:14:39
42.177391, -83.652297, 243.60, 0.13, 0.29, 16:14:40
42.177391, -83.652297, 243.60, 0.13, 0.29, 16:14:40
42.177391, -83.652297, 243.60, 0.13, 0.29, 16:14:41
42.177391, -83.652297, 243.60, 0.13, 0.29, 16:14:41
42.177391, -83.652297, 243.60, 0.11, 0.25, 16:14:41
42.177391, -83.652297, 243.60, 0.10, 0.23, 16:14:41
42.177391, -83.652297, 243.60, 0.10, 0.23, 16:14:42
42.177391, -83.652305, 243.60, 0.10, 0.23, 16:14:42
42.177391, -83.652305, 243.60, 0.06, 0.14, 16:14:42
42.177391, -83.652305, 243.60, 0.06, 0.14, 16:14:43
42.177391, -83.652305, 243.60, 0.12, 0.26, 16:14:43
42.177391, -83.652305, 243.60, 0.12, 0.26, 16:14:43
42.177391, -83.652305, 243.60, 0.17, 0.38, 16:14:44
42.177394, -83.652305, 243.60, 0.17, 0.38, 16:14:44
42.177394, -83.652305, 243.60, 0.17, 0.38, 16:14:44
42.177394, -83.652305, 243.60, 0.17, 0.38, 16:14:45
42.177394, -83.652305, 243.60, 0.17, 0.38, 16:14:45
42.177394, -83.652305, 243.60, 0.17, 0.38, 16:14:46
42.177402, -83.652305, 243.60, 1.13, 2.52, 16:14:46
42.177413, -83.652305, 243.60, 1.13, 2.52, 16:14:46
42.177433, -83.652305, 243.50, 1.13, 2.52, 16:14:47
42.177440, -83.652305, 243.50, 3.11, 6.95, 16:14:47
42.177448, -83.652297, 243.50, 2.95, 6.59, 16:14:47
42.177471, -83.652297, 243.80, 2.95, 6.59, 16:14:47
42.177478, -83.652297, 243.80, 2.98, 6.66, 16:14:48
42.177490, -83.652290, 243.80, 2.78, 6.21, 16:14:48
42.177490, -83.652290, 243.80, 2.78, 6.21, 16:14:48
42.177509, -83.652290, 244.30, 2.78, 6.21, 16:14:48
42.177516, -83.652282, 244.40, 2.78, 6.21, 16:14:49
42.177524, -83.652282, 244.40, 2.06, 4.60, 16:14:49
42.177528, -83.652282, 244.40, 1.97, 4.40, 16:14:49
42.177539, -83.652275, 244.80, 1.97, 4.40, 16:14:50
42.177547, -83.652267, 245.00, 1.97, 4.40, 16:14:50
42.177555, -83.652267, 245.10, 1.97, 4.40, 16:14:50
42.177555, -83.652267, 245.10, 1.58, 3.54, 16:14:51
42.177558, -83.652267, 245.10, 1.49, 3.34, 16:14:51
42.177562, -83.652259, 245.10, 1.39, 3.12, 16:14:51
42.177562, -83.652259, 245.20, 1.39, 3.12, 16:14:51
42.177555, -83.652259, 245.20, 1.39, 3.12, 16:14:52
42.177558, -83.652259, 245.30, 1.39, 3.12, 16:14:52
42.177558, -83.652259, 245.50, 1.39, 3.12, 16:14:53
42.177562, -83.652259, 245.50, 0.21, 0.46, 16:14:53
42.177566, -83.652259, 245.50, 0.23, 0.52, 16:14:53
42.177566, -83.652252, 245.80, 0.23, 0.52, 16:14:53
42.177566, -83.652252, 245.80, 0.16, 0.36, 16:14:54
42.177566, -83.652252, 245.80, 0.14, 0.31, 16:14:54
42.177566, -83.652252, 246.00, 0.14, 0.31, 16:14:54
42.177566, -83.652252, 246.10, 0.14, 0.31, 16:14:55
42.177566, -83.652252, 246.10, 0.14, 0.31, 16:14:55
42.177566, -83.652244, 246.10, 0.13, 0.30, 16:14:55
42.177566, -83.652244, 246.10, 0.10, 0.23, 16:14:55
42.177566, -83.652244, 246.20, 0.10, 0.23, 16:14:56
42.177566, -83.652244, 246.20, 0.10, 0.23, 16:14:56
42.177566, -83.652244, 246.20, 0.06, 0.14, 16:14:56
42.177566, -83.652244, 246.20, 0.07, 0.16, 16:14:56
42.177570, -83.652244, 246.20, 0.07, 0.16, 16:14:57
42.177570, -83.652244, 246.20, 0.04, 0.09, 16:14:57
42.177570, -83.652244, 246.20, 0.04, 0.09, 16:14:57
42.177570, -83.652244, 246.20, 0.04, 0.09, 16:14:58
42.177570, -83.652244, 246.20, 0.04, 0.09, 16:14:58
42.177570, -83.652244, 246.20, 0.10, 0.23, 16:14:58
42.177570, -83.652244, 246.20, 0.10, 0.23, 16:14:59
42.177570, -83.652244, 246.20, 0.11, 0.24, 16:14:59
42.177570, -83.652244, 246.20, 0.11, 0.24, 16:14:59
42.177570, -83.652244, 246.20, 0.11, 0.24, 16:15:00
42.177570, -83.652244, 246.20, 0.11, 0.24, 16:15:00
42.177570, -83.652244, 246.20, 0.11, 0.24, 16:15:00
42.177570, -83.652244, 246.20, 0.06, 0.14, 16:15:01
42.177570, -83.652244, 246.20, 0.06, 0.14, 16:15:01
42.177570, -83.652244, 246.20, 0.01, 0.01, 16:15:01
42.177570, -83.652244, 246.20, 0.01, 0.01, 16:15:02
42.177570, -83.652244, 246.20, 0.01, 0.01, 16:15:02
42.177570, -83.652244, 246.20, 0.01, 0.01, 16:15:02
42.177570, -83.652244, 246.20, 0.08, 0.17, 16:15:03
42.177570, -83.652244, 246.20, 0.06, 0.13, 16:15:03
42.177570, -83.652244, 246.20, 0.06, 0.13, 16:15:03
42.177570, -83.652244, 246.20, 0.06, 0.13, 16:15:04
42.177570, -83.652244, 246.20, 0.06, 0.13, 16:15:04
42.177574, -83.652244, 246.20, 0.06, 0.13, 16:15:04
42.177574, -83.652244, 246.20, 0.06, 0.13, 16:15:05
42.177574, -83.652244, 246.20, 0.06, 0.13, 16:15:05
42.177574, -83.652244, 246.20, 0.06, 0.13, 16:15:06
42.177574, -83.652244, 246.20, 0.14, 0.31, 16:15:06
42.177574, -83.652244, 246.20, 0.14, 0.31, 16:15:06
42.177574, -83.652244, 246.20, 0.15, 0.33, 16:15:06
42.177574, -83.652244, 246.20, 0.15, 0.33, 16:15:07
42.177574, -83.652244, 246.20, 0.16, 0.37, 16:15:07
42.177577, -83.652244, 246.20, 0.16, 0.37, 16:15:07
42.177577, -83.652244, 246.20, 0.18, 0.40, 16:15:07
42.177577, -83.652244, 246.20, 0.18, 0.40, 16:15:08
42.177577, -83.652244, 246.20, 0.15, 0.33, 16:15:08
42.177577, -83.652244, 246.20, 0.12, 0.28, 16:15:08
42.177577, -83.652244, 246.20, 0.12, 0.28, 16:15:09
42.177577, -83.652244, 246.20, 0.12, 0.28, 16:15:09
42.177577, -83.652244, 246.20, 0.12, 0.28, 16:15:09
42.177581, -83.652244, 246.20, 0.12, 0.28, 16:15:10
42.177581, -83.652244, 246.20, 0.12, 0.28, 16:15:10
42.177581, -83.652244, 246.20, 0.12, 0.28, 16:15:11
42.177581, -83.652244, 246.20, 0.12, 0.28, 16:15:11
42.177581, -83.652244, 246.20, 0.12, 0.28, 16:15:11
42.177581, -83.652244, 246.20, 0.09, 0.20, 16:15:12
42.177581, -83.652244, 246.20, 0.08, 0.18, 16:15:12
42.177581, -83.652244, 246.20, 0.08, 0.18, 16:15:12
END =================================================


New Course ==========================================
42.177581, -83.652252, 246.20, 0.08, 0.18, 16:15:18
42.177581, -83.652252, 246.20, 0.08, 0.18, 16:15:18
42.177581, -83.652252, 246.20, 0.08, 0.18, 16:15:19
42.177581, -83.652252, 246.20, 0.08, 0.18, 16:15:19
42.177581, -83.652252, 246.20, 0.05, 0.10, 16:15:19
42.177581, -83.652252, 246.20, 0.05, 0.12, 16:15:19
42.177581, -83.652252, 246.20, 0.05, 0.10, 16:15:20
42.177581, -83.652252, 246.20, 0.06, 0.14, 16:15:20
42.177581, -83.652252, 246.20, 0.04, 0.09, 16:15:20
42.177581, -83.652252, 246.20, 0.04, 0.09, 16:15:20
42.177581, -83.652252, 246.20, 0.02, 0.05, 16:15:21
42.177581, -83.652252, 246.20, 0.02, 0.05, 16:15:21
42.177581, -83.652252, 246.20, 0.02, 0.05, 16:15:21
42.177581, -83.652252, 246.20, 0.02, 0.05, 16:15:22
42.177581, -83.652252, 246.20, 0.02, 0.05, 16:15:22
42.177581, -83.652252, 246.20, 0.02, 0.05, 16:15:22
42.177581, -83.652252, 246.20, 0.02, 0.05, 16:15:22
42.177581, -83.652252, 246.20, 0.02, 0.05, 16:15:23
42.177581, -83.652252, 246.20, 0.02, 0.05, 16:15:23
42.177581, -83.652252, 246.20, 0.05, 0.12, 16:15:23
42.177581, -83.652252, 246.20, 0.05, 0.12, 16:15:24
42.177581, -83.652252, 246.20, 0.08, 0.17, 16:15:24
42.177581, -83.652252, 246.20, 0.09, 0.21, 16:15:24
42.177581, -83.652252, 246.20, 0.09, 0.21, 16:15:24
42.177581, -83.652252, 246.20, 0.08, 0.18, 16:15:25
42.177581, -83.652252, 246.20, 0.08, 0.18, 16:15:25
42.177581, -83.652252, 246.20, 0.08, 0.18, 16:15:25
42.177581, -83.652252, 246.20, 0.08, 0.18, 16:15:26
42.177581, -83.652252, 246.20, 0.08, 0.18, 16:15:26
42.177581, -83.652252, 246.20, 0.08, 0.18, 16:15:27
42.177581, -83.652252, 246.20, 0.08, 0.18, 16:15:27
42.177581, -83.652252, 246.20, 0.01, 0.02, 16:15:27
42.177581, -83.652252, 246.20, 0.01, 0.02, 16:15:28
42.177581, -83.652252, 246.20, 0.01, 0.02, 16:15:28
42.177581, -83.652252, 246.20, 0.01, 0.02, 16:15:28
42.177581, -83.652252, 246.20, 0.01, 0.02, 16:15:29
42.177581, -83.652252, 246.20, 0.01, 0.01, 16:15:29
42.177581, -83.652252, 246.20, 0.01, 0.01, 16:15:29
42.177581, -83.652252, 246.20, 0.01, 0.01, 16:15:30
42.177581, -83.652252, 246.20, 0.01, 0.01, 16:15:30
42.177581, -83.652252, 246.20, 0.01, 0.01, 16:15:30
42.177581, -83.652252, 246.20, 0.01, 0.01, 16:15:31
42.177581, -83.652252, 246.20, 0.01, 0.01, 16:15:31
42.177581, -83.652252, 246.20, 0.01, 0.01, 16:15:31
42.177581, -83.652252, 246.20, 0.01, 0.01, 16:15:32
42.177581, -83.652252, 246.20, 0.01, 0.01, 16:15:32
42.177581, -83.652252, 246.20, 0.01, 0.01, 16:15:33
42.177581, -83.652252, 246.20, 0.01, 0.01, 16:15:33
42.177581, -83.652252, 246.20, 0.01, 0.01, 16:15:33
42.177581, -83.652252, 246.20, 0.05, 0.10, 16:15:34
42.177581, -83.652252, 246.20, 0.06, 0.14, 16:15:34
42.177581, -83.652252, 246.20, 0.06, 0.14, 16:15:34
42.177589, -83.652259, 246.20, 0.06, 0.14, 16:15:35
42.177608, -83.652275, 246.20, 0.06, 0.14, 16:15:35
42.177616, -83.652282, 246.20, 2.76, 6.17, 16:15:35
42.177631, -83.652282, 246.20, 3.96, 8.86, 16:15:35
42.177654, -83.652297, 246.00, 3.96, 8.86, 16:15:36
42.177665, -83.652290, 246.00, 4.99, 11.16, 16:15:36
42.177677, -83.652290, 246.00, 4.26, 9.53, 16:15:36
42.177696, -83.652290, 245.70, 4.26, 9.53, 16:15:37
42.177711, -83.652290, 245.60, 4.26, 9.53, 16:15:37
42.177715, -83.652297, 245.50, 4.26, 9.53, 16:15:37
42.177722, -83.652297, 245.40, 4.26, 9.53, 16:15:38
42.177726, -83.652297, 245.30, 4.26, 9.53, 16:15:38
42.177726, -83.652297, 245.30, 0.63, 1.42, 16:15:38
42.177730, -83.652297, 245.10, 0.63, 1.42, 16:15:39
42.177730, -83.652297, 245.00, 0.63, 1.42, 16:15:39
42.177730, -83.652297, 245.10, 0.63, 1.42, 16:15:40
42.177734, -83.652297, 245.10, 0.63, 1.42, 16:15:40
42.177738, -83.652297, 245.00, 0.63, 1.42, 16:15:40
42.177738, -83.652297, 245.00, 0.63, 1.42, 16:15:41
42.177738, -83.652290, 245.00, 0.63, 1.42, 16:15:41
42.177742, -83.652290, 245.00, 0.63, 1.42, 16:15:42
42.177742, -83.652290, 245.00, 0.14, 0.31, 16:15:42
42.177745, -83.652290, 245.00, 0.14, 0.31, 16:15:42
42.177745, -83.652290, 245.00, 0.14, 0.31, 16:15:43
42.177745, -83.652290, 245.00, 0.14, 0.31, 16:15:43
42.177749, -83.652290, 245.00, 0.15, 0.33, 16:15:43
42.177749, -83.652290, 245.00, 0.13, 0.30, 16:15:43
42.177749, -83.652290, 245.00, 0.13, 0.30, 16:15:44
42.177749, -83.652290, 245.00, 0.13, 0.30, 16:15:44
42.177749, -83.652290, 245.00, 0.13, 0.30, 16:15:45
42.177749, -83.652290, 245.00, 0.13, 0.30, 16:15:45
42.177749, -83.652290, 245.00, 0.05, 0.10, 16:15:45
42.177749, -83.652290, 245.00, 0.05, 0.10, 16:15:46
42.177749, -83.652290, 245.00, 0.05, 0.10, 16:15:46
42.177749, -83.652290, 245.00, 0.07, 0.16, 16:15:46
42.177749, -83.652290, 245.00, 0.07, 0.16, 16:15:47
42.177749, -83.652290, 245.00, 0.07, 0.16, 16:15:47
42.177749, -83.652290, 245.00, 0.06, 0.14, 16:15:47
42.177749, -83.652290, 245.00, 0.06, 0.14, 16:15:48
42.177749, -83.652290, 245.00, 0.08, 0.17, 16:15:48
42.177749, -83.652290, 245.00, 0.08, 0.17, 16:15:48
42.177749, -83.652290, 244.90, 0.08, 0.17, 16:15:48
42.177749, -83.652290, 244.90, 0.05, 0.12, 16:15:48
42.177749, -83.652290, 244.90, 0.05, 0.12, 16:15:49
42.177749, -83.652290, 244.90, 0.05, 0.12, 16:15:49
42.177749, -83.652290, 244.90, 0.05, 0.12, 16:15:50
42.177749, -83.652290, 244.90, 0.05, 0.12, 16:15:50
42.177749, -83.652290, 244.90, 0.10, 0.23, 16:15:50
42.177749, -83.652290, 244.90, 0.10, 0.23, 16:15:51
42.177749, -83.652290, 244.90, 0.10, 0.23, 16:15:51
42.177749, -83.652290, 244.90, 0.17, 0.39, 16:15:51
42.177749, -83.652290, 244.90, 0.17, 0.39, 16:15:51
END =================================================


New Course ==========================================
42.177768, -83.652259, 245.00, 0.17, 0.39, 16:15:58
42.177768, -83.652259, 245.00, 0.17, 0.39, 16:15:58
42.177772, -83.652259, 245.00, 0.17, 0.39, 16:15:59
42.177772, -83.652259, 245.00, 0.17, 0.39, 16:15:59
42.177772, -83.652259, 245.00, 0.13, 0.29, 16:15:59
42.177772, -83.652259, 245.00, 0.13, 0.29, 16:16:00
42.177772, -83.652259, 245.00, 0.13, 0.29, 16:16:00
42.177772, -83.652259, 245.00, 0.07, 0.15, 16:16:00
42.177772, -83.652259, 245.00, 0.07, 0.15, 16:16:01
42.177772, -83.652259, 245.00, 0.07, 0.15, 16:16:01
42.177772, -83.652259, 245.00, 0.06, 0.14, 16:16:01
42.177772, -83.652259, 245.00, 0.06, 0.14, 16:16:02
42.177772, -83.652259, 245.00, 0.10, 0.22, 16:16:02
42.177772, -83.652259, 245.00, 0.11, 0.24, 16:16:02
42.177776, -83.652259, 245.00, 0.11, 0.24, 16:16:02
42.177776, -83.652259, 245.00, 0.11, 0.24, 16:16:03
42.177776, -83.652259, 245.00, 0.11, 0.24, 16:16:03
42.177776, -83.652259, 245.00, 0.14, 0.31, 16:16:03
42.177776, -83.652259, 245.00, 0.14, 0.31, 16:16:04
42.177776, -83.652259, 245.00, 0.14, 0.31, 16:16:04
42.177776, -83.652259, 245.00, 0.14, 0.31, 16:16:04
42.177776, -83.652259, 245.00, 0.13, 0.30, 16:16:05
42.177776, -83.652259, 245.00, 0.15, 0.33, 16:16:05
42.177780, -83.652259, 245.00, 0.15, 0.33, 16:16:05
42.177780, -83.652259, 245.00, 0.16, 0.36, 16:16:05
42.177780, -83.652259, 245.00, 0.16, 0.36, 16:16:06
42.177780, -83.652259, 245.00, 0.13, 0.29, 16:16:06
42.177780, -83.652259, 245.00, 0.14, 0.31, 16:16:06
42.177780, -83.652259, 245.00, 0.14, 0.31, 16:16:07
42.177780, -83.652259, 245.00, 0.16, 0.36, 16:16:07
42.177780, -83.652259, 245.00, 0.15, 0.33, 16:16:07
42.177780, -83.652259, 245.00, 0.15, 0.33, 16:16:07
42.177780, -83.652259, 245.00, 0.15, 0.33, 16:16:08
42.177780, -83.652259, 245.00, 0.15, 0.33, 16:16:08
42.177780, -83.652259, 245.00, 0.21, 0.46, 16:16:08
42.177780, -83.652259, 245.00, 0.21, 0.46, 16:16:09
42.177787, -83.652252, 245.00, 0.42, 0.94, 16:16:09
42.177803, -83.652244, 244.90, 0.42, 0.94, 16:16:09
42.177806, -83.652236, 244.90, 1.42, 3.18, 16:16:10
42.177810, -83.652229, 244.90, 1.47, 3.28, 16:16:10
42.177822, -83.652221, 244.80, 1.47, 3.28, 16:16:10
42.177829, -83.652221, 244.80, 1.47, 3.28, 16:16:11
42.177833, -83.652214, 244.80, 1.24, 2.77, 16:16:11
42.177833, -83.652214, 244.80, 1.20, 2.68, 16:16:11
42.177841, -83.652206, 244.90, 1.20, 2.68, 16:16:11
42.177845, -83.652198, 244.90, 1.20, 2.68, 16:16:12
42.177845, -83.652198, 244.90, 1.00, 2.23, 16:16:12
42.177845, -83.652198, 244.90, 0.96, 2.14, 16:16:12
42.177848, -83.652191, 245.10, 0.96, 2.14, 16:16:13
42.177848, -83.652183, 245.10, 0.96, 2.14, 16:16:13
42.177848, -83.652183, 245.10, 0.96, 2.14, 16:16:13
42.177848, -83.652183, 245.10, 0.73, 1.62, 16:16:14
42.177848, -83.652183, 245.10, 0.38, 0.85, 16:16:14
42.177848, -83.652175, 245.10, 0.29, 0.66, 16:16:14
42.177852, -83.652168, 245.30, 0.29, 0.66, 16:16:14
42.177852, -83.652168, 245.30, 0.16, 0.36, 16:16:15
42.177852, -83.652168, 245.30, 0.18, 0.40, 16:16:15
42.177852, -83.652168, 245.30, 0.15, 0.35, 16:16:15
42.177852, -83.652168, 245.30, 0.15, 0.35, 16:16:15
42.177852, -83.652168, 245.30, 0.13, 0.30, 16:16:16
END =================================================


New Course ==========================================
42.177871, -83.652450, 244.40, 0.13, 0.30, 16:16:44
42.177871, -83.652450, 244.40, 0.13, 0.30, 16:16:44
42.177871, -83.652450, 244.40, 0.03, 0.06, 16:16:45
42.177871, -83.652450, 244.40, 0.03, 0.06, 16:16:45
42.177871, -83.652450, 244.40, 0.03, 0.06, 16:16:45
42.177871, -83.652450, 244.40, 0.01, 0.02, 16:16:46
42.177871, -83.652450, 244.40, 0.02, 0.05, 16:16:46
42.177871, -83.652450, 244.40, 0.06, 0.13, 16:16:46
42.177871, -83.652450, 244.40, 0.04, 0.09, 16:16:46
42.177871, -83.652450, 244.40, 0.05, 0.12, 16:16:46
42.177871, -83.652450, 244.40, 0.05, 0.12, 16:16:47
42.177871, -83.652450, 244.40, 0.05, 0.12, 16:16:47
42.177871, -83.652450, 244.40, 0.05, 0.12, 16:16:48
42.177871, -83.652450, 244.40, 0.06, 0.13, 16:16:48
42.177871, -83.652450, 244.40, 0.08, 0.17, 16:16:48
42.177871, -83.652450, 244.40, 0.08, 0.17, 16:16:48
42.177871, -83.652450, 244.40, 0.09, 0.20, 16:16:48
42.177871, -83.652450, 244.40, 0.09, 0.20, 16:16:49
42.177871, -83.652450, 244.40, 0.11, 0.25, 16:16:49
42.177871, -83.652450, 244.40, 0.11, 0.25, 16:16:49
42.177871, -83.652450, 244.40, 0.11, 0.25, 16:16:50
42.177871, -83.652450, 244.40, 0.11, 0.25, 16:16:50
42.177871, -83.652450, 244.40, 0.20, 0.44, 16:16:50
42.177875, -83.652450, 244.40, 0.20, 0.44, 16:16:51
42.177875, -83.652450, 244.40, 0.12, 0.28, 16:16:51
42.177875, -83.652450, 244.40, 0.12, 0.28, 16:16:51
42.177875, -83.652450, 244.40, 0.12, 0.28, 16:16:52
42.177875, -83.652450, 244.40, 0.03, 0.07, 16:16:52
42.177875, -83.652450, 244.40, 0.03, 0.07, 16:16:52
42.177875, -83.652450, 244.40, 0.06, 0.13, 16:16:53
42.177875, -83.652450, 244.40, 0.06, 0.13, 16:16:53
42.177875, -83.652450, 244.40, 0.09, 0.20, 16:16:53
42.177875, -83.652450, 244.40, 0.07, 0.16, 16:16:53
42.177875, -83.652450, 244.40, 0.07, 0.16, 16:16:54
42.177875, -83.652450, 244.40, 0.07, 0.16, 16:16:54
42.177875, -83.652450, 244.40, 0.07, 0.16, 16:16:55
42.177875, -83.652450, 244.40, 0.01, 0.02, 16:16:55
42.177875, -83.652450, 244.40, 0.01, 0.02, 16:16:55
42.177875, -83.652450, 244.40, 0.01, 0.02, 16:16:56
42.177875, -83.652450, 244.40, 0.02, 0.03, 16:16:56
42.177875, -83.652450, 244.40, 0.02, 0.03, 16:16:56
42.177875, -83.652450, 244.40, 0.02, 0.03, 16:16:57
42.177875, -83.652450, 244.40, 0.01, 0.02, 16:16:57
42.177875, -83.652450, 244.40, 0.01, 0.02, 16:16:57
42.177875, -83.652450, 244.40, 0.01, 0.02, 16:16:58
42.177875, -83.652450, 244.40, 0.01, 0.02, 16:16:58
42.177875, -83.652450, 244.40, 0.03, 0.07, 16:16:58
42.177875, -83.652450, 244.40, 0.06, 0.14, 16:16:58
42.177875, -83.652450, 244.40, 0.03, 0.07, 16:16:59
42.177875, -83.652450, 244.40, 0.03, 0.07, 16:16:59
42.177875, -83.652450, 244.40, 0.03, 0.07, 16:16:59
42.177871, -83.652450, 244.40, 0.73, 1.63, 16:17:00
42.177860, -83.652465, 244.40, 0.73, 1.63, 16:17:00
42.177841, -83.652481, 244.40, 0.73, 1.63, 16:17:00
42.177833, -83.652488, 244.40, 5.12, 11.46, 16:17:01
42.177822, -83.652488, 244.40, 5.29, 11.83, 16:17:01
42.177806, -83.652488, 244.40, 5.51, 12.34, 16:17:01
42.177749, -83.652488, 244.40, 5.51, 12.34, 16:17:01
42.177707, -83.652481, 244.40, 5.51, 12.34, 16:17:02
42.177684, -83.652473, 244.40, 11.24, 25.14, 16:17:02
42.177669, -83.652465, 244.40, 10.56, 23.61, 16:17:02
42.177654, -83.652458, 244.40, 9.71, 21.72, 16:17:02
42.177627, -83.652458, 244.60, 9.71, 21.72, 16:17:03
42.177619, -83.652465, 244.60, 7.53, 16.84, 16:17:03
42.177600, -83.652458, 244.60, 7.53, 16.84, 16:17:03
42.177581, -83.652450, 244.60, 7.53, 16.84, 16:17:04
42.177570, -83.652435, 244.60, 7.53, 16.84, 16:17:04
42.177555, -83.652427, 244.70, 7.53, 16.84, 16:17:05
42.177543, -83.652420, 244.80, 7.53, 16.84, 16:17:05
42.177539, -83.652420, 244.80, 3.29, 7.36, 16:17:05
42.177528, -83.652412, 244.90, 3.29, 7.36, 16:17:06
42.177524, -83.652412, 244.90, 2.82, 6.31, 16:17:06
42.177516, -83.652412, 245.00, 2.82, 6.31, 16:17:06
42.177513, -83.652412, 245.10, 2.82, 6.31, 16:17:07
42.177505, -83.652404, 245.20, 2.82, 6.31, 16:17:07
42.177501, -83.652404, 245.20, 2.82, 6.31, 16:17:07
42.177505, -83.652404, 245.30, 2.82, 6.31, 16:17:08
42.177505, -83.652404, 245.30, 2.82, 6.31, 16:17:08
42.177505, -83.652404, 245.30, 0.46, 1.02, 16:17:08
42.177505, -83.652404, 245.40, 0.46, 1.02, 16:17:09
42.177505, -83.652404, 245.40, 0.31, 0.69, 16:17:09
42.177505, -83.652404, 245.40, 0.31, 0.69, 16:17:09
42.177505, -83.652404, 245.30, 0.31, 0.69, 16:17:10
42.177505, -83.652404, 245.30, 0.17, 0.39, 16:17:10
42.177505, -83.652404, 245.30, 0.17, 0.38, 16:17:10
42.177505, -83.652404, 245.30, 0.17, 0.38, 16:17:10
42.177501, -83.652404, 245.30, 0.17, 0.38, 16:17:11
42.177501, -83.652404, 245.30, 0.17, 0.39, 16:17:11
42.177501, -83.652404, 245.30, 0.17, 0.39, 16:17:11
42.177501, -83.652397, 245.20, 0.17, 0.39, 16:17:12
42.177497, -83.652397, 245.20, 0.19, 0.43, 16:17:12
42.177494, -83.652397, 245.20, 0.19, 0.43, 16:17:12
42.177494, -83.652397, 245.20, 0.24, 0.54, 16:17:12
42.177494, -83.652397, 245.20, 0.24, 0.54, 16:17:13
42.177494, -83.652397, 245.20, 0.28, 0.63, 16:17:13
42.177490, -83.652397, 245.20, 0.28, 0.63, 16:17:13
42.177490, -83.652397, 245.20, 0.31, 0.69, 16:17:14
42.177490, -83.652397, 245.20, 0.31, 0.69, 16:17:14
42.177486, -83.652397, 245.20, 0.31, 0.70, 16:17:14
42.177486, -83.652389, 245.20, 0.31, 0.70, 16:17:14
42.177486, -83.652389, 245.20, 0.31, 0.70, 16:17:15
42.177482, -83.652389, 245.20, 0.31, 0.70, 16:17:15
42.177482, -83.652389, 245.20, 0.29, 0.66, 16:17:15
42.177482, -83.652389, 245.20, 0.29, 0.64, 16:17:16
42.177482, -83.652389, 245.10, 0.29, 0.64, 16:17:16
42.177482, -83.652381, 245.10, 0.29, 0.64, 16:17:16
42.177478, -83.652381, 245.10, 0.29, 0.64, 16:17:17
42.177478, -83.652381, 245.10, 0.29, 0.64, 16:17:17
42.177474, -83.652381, 245.10, 0.29, 0.64, 16:17:18
42.177474, -83.652381, 245.10, 0.23, 0.52, 16:17:18
42.177474, -83.652381, 245.10, 0.23, 0.52, 16:17:18
42.177474, -83.652374, 245.10, 0.23, 0.52, 16:17:19
42.177474, -83.652374, 245.10, 0.20, 0.45, 16:17:19
42.177474, -83.652374, 245.10, 0.20, 0.45, 16:17:19
42.177474, -83.652374, 245.10, 0.20, 0.45, 16:17:20
42.177474, -83.652374, 245.10, 0.17, 0.39, 16:17:20
42.177474, -83.652374, 245.10, 0.17, 0.39, 16:17:20
42.177474, -83.652374, 245.10, 0.17, 0.39, 16:17:21
42.177471, -83.652374, 245.10, 0.17, 0.39, 16:17:21
42.177471, -83.652374, 245.10, 0.17, 0.39, 16:17:21
42.177471, -83.652374, 245.20, 0.17, 0.39, 16:17:22
42.177471, -83.652374, 245.20, 0.14, 0.31, 16:17:22
42.177471, -83.652374, 245.20, 0.13, 0.30, 16:17:22
42.177471, -83.652374, 245.20, 0.13, 0.29, 16:17:22
42.177471, -83.652374, 245.20, 0.13, 0.29, 16:17:23
42.177471, -83.652374, 245.20, 0.13, 0.29, 16:17:23
42.177471, -83.652374, 245.20, 0.13, 0.30, 16:17:23
42.177471, -83.652374, 245.20, 0.13, 0.30, 16:17:24
42.177471, -83.652374, 245.20, 0.13, 0.29, 16:17:24
42.177467, -83.652374, 245.20, 0.08, 0.18, 16:17:24
42.177467, -83.652374, 245.20, 0.08, 0.17, 16:17:24
42.177467, -83.652374, 245.20, 0.07, 0.16, 16:17:24
42.177467, -83.652374, 245.20, 0.07, 0.16, 16:17:25
42.177467, -83.652374, 245.20, 0.07, 0.15, 16:17:25
42.177467, -83.652374, 245.20, 0.05, 0.12, 16:17:25
END =================================================


New Course ==========================================
42.177467, -83.652374, 245.30, 0.05, 0.12, 16:17:28
42.177467, -83.652374, 245.30, 0.05, 0.12, 16:17:29
42.177467, -83.652374, 245.30, 0.05, 0.12, 16:17:29
42.177467, -83.652374, 245.30, 0.05, 0.12, 16:17:29
42.177471, -83.652374, 245.30, 0.05, 0.12, 16:17:30
42.177471, -83.652374, 245.30, 0.08, 0.17, 16:17:30
END =================================================


New Course ==========================================
42.177471, -83.652374, 245.40, 0.08, 0.17, 16:17:33
42.177471, -83.652374, 245.40, 0.08, 0.17, 16:17:33
42.177471, -83.652374, 245.40, 0.08, 0.17, 16:17:34
42.177471, -83.652374, 245.40, 0.07, 0.15, 16:17:34
42.177471, -83.652374, 245.40, 0.07, 0.16, 16:17:34
42.177471, -83.652374, 245.40, 0.07, 0.16, 16:17:35
42.177471, -83.652374, 245.40, 0.09, 0.20, 16:17:35
42.177471, -83.652374, 245.50, 0.09, 0.20, 16:17:35
42.177471, -83.652374, 245.50, 0.09, 0.20, 16:17:36
42.177471, -83.652381, 245.50, 0.09, 0.20, 16:17:36
42.177471, -83.652381, 245.50, 0.09, 0.20, 16:17:36
42.177471, -83.652381, 245.50, 0.09, 0.20, 16:17:37
42.177471, -83.652381, 245.50, 0.12, 0.28, 16:17:37
42.177471, -83.652381, 245.50, 0.12, 0.28, 16:17:37
42.177471, -83.652381, 245.50, 0.12, 0.28, 16:17:38
42.177471, -83.652381, 245.50, 0.12, 0.28, 16:17:38
42.177471, -83.652381, 245.50, 0.12, 0.28, 16:17:39
42.177471, -83.652381, 245.60, 0.12, 0.28, 16:17:39
42.177471, -83.652381, 245.60, 0.12, 0.28, 16:17:39
42.177471, -83.652381, 245.60, 0.12, 0.28, 16:17:40
42.177471, -83.652381, 245.60, 0.12, 0.28, 16:17:40
42.177471, -83.652381, 245.60, 0.12, 0.28, 16:17:41
42.177471, -83.652389, 245.60, 0.15, 0.33, 16:17:41
42.177471, -83.652389, 245.60, 0.15, 0.33, 16:17:41
42.177471, -83.652389, 245.60, 0.15, 0.33, 16:17:41
42.177471, -83.652389, 245.60, 0.15, 0.33, 16:17:42
42.177471, -83.652389, 245.60, 0.15, 0.33, 16:17:42
42.177471, -83.652389, 245.60, 0.16, 0.37, 16:17:42
42.177467, -83.652389, 245.60, 0.16, 0.37, 16:17:43
42.177467, -83.652389, 245.60, 0.16, 0.37, 16:17:43
42.177467, -83.652389, 245.60, 0.14, 0.32, 16:17:43
42.177467, -83.652389, 245.60, 0.14, 0.31, 16:17:43
42.177467, -83.652389, 245.70, 0.14, 0.31, 16:17:44
42.177467, -83.652389, 245.70, 0.14, 0.31, 16:17:44
42.177467, -83.652389, 245.70, 0.14, 0.31, 16:17:45
42.177467, -83.652389, 245.70, 0.14, 0.31, 16:17:45
42.177467, -83.652389, 245.70, 0.13, 0.29, 16:17:45
42.177467, -83.652389, 245.70, 0.12, 0.26, 16:17:45
42.177467, -83.652389, 245.70, 0.12, 0.26, 16:17:46
42.177467, -83.652389, 245.70, 0.13, 0.30, 16:17:46
42.177467, -83.652397, 245.70, 0.15, 0.33, 16:17:46
42.177467, -83.652397, 245.70, 0.15, 0.33, 16:17:46
42.177467, -83.652397, 245.70, 0.15, 0.33, 16:17:47
42.177459, -83.652404, 245.80, 0.15, 0.33, 16:17:47
42.177452, -83.652427, 245.90, 0.15, 0.33, 16:17:48
42.177448, -83.652435, 245.90, 2.94, 6.57, 16:17:48
42.177436, -83.652442, 245.90, 3.24, 7.25, 16:17:48
42.177433, -83.652450, 245.90, 3.13, 7.00, 16:17:48
42.177425, -83.652450, 245.90, 2.88, 6.43, 16:17:48
42.177421, -83.652458, 245.90, 2.88, 6.43, 16:17:49
42.177410, -83.652465, 246.10, 2.88, 6.43, 16:17:49
42.177402, -83.652473, 246.10, 2.88, 6.43, 16:17:49
42.177398, -83.652481, 246.10, 1.46, 3.26, 16:17:50
42.177394, -83.652488, 246.10, 1.46, 3.26, 16:17:50
42.177394, -83.652488, 246.10, 1.46, 3.26, 16:17:50
42.177394, -83.652496, 246.10, 0.36, 0.81, 16:17:51
42.177391, -83.652496, 246.00, 0.36, 0.81, 16:17:51
42.177391, -83.652503, 245.80, 0.36, 0.81, 16:17:51
42.177387, -83.652503, 245.70, 0.36, 0.81, 16:17:52
42.177387, -83.652503, 245.60, 0.36, 0.81, 16:17:52
42.177383, -83.652511, 245.40, 0.36, 0.81, 16:17:53
42.177383, -83.652511, 245.30, 0.36, 0.81, 16:17:53
42.177383, -83.652511, 245.30, 0.20, 0.44, 16:17:53
42.177383, -83.652511, 245.30, 0.17, 0.39, 16:17:53
42.177379, -83.652519, 245.20, 0.17, 0.39, 16:17:54
42.177379, -83.652519, 245.10, 0.17, 0.39, 16:17:54
42.177379, -83.652519, 245.10, 0.08, 0.17, 16:17:54
42.177379, -83.652526, 245.10, 0.08, 0.17, 16:17:55
42.177379, -83.652526, 245.10, 0.08, 0.17, 16:17:55
42.177379, -83.652526, 245.10, 0.08, 0.17, 16:17:56
42.177379, -83.652526, 245.10, 0.05, 0.12, 16:17:56
42.177379, -83.652526, 245.10, 0.06, 0.14, 16:17:56
42.177379, -83.652526, 245.20, 0.06, 0.14, 16:17:56
42.177379, -83.652526, 245.20, 0.06, 0.14, 16:17:57
42.177379, -83.652526, 245.20, 0.06, 0.14, 16:17:57
42.177379, -83.652526, 245.20, 0.06, 0.14, 16:17:58
42.177379, -83.652526, 245.20, 0.08, 0.17, 16:17:58
42.177375, -83.652526, 245.20, 0.08, 0.17, 16:17:58
42.177375, -83.652526, 245.20, 0.08, 0.17, 16:17:59
42.177375, -83.652526, 245.20, 0.07, 0.15, 16:17:59
42.177375, -83.652526, 245.20, 0.07, 0.16, 16:17:59
42.177375, -83.652526, 245.20, 0.07, 0.16, 16:17:59
42.177375, -83.652526, 245.20, 0.07, 0.16, 16:18:00
42.177375, -83.652526, 245.20, 0.07, 0.16, 16:18:00
42.177375, -83.652526, 245.20, 0.17, 0.38, 16:18:00
42.177375, -83.652526, 245.30, 0.17, 0.38, 16:18:01
END =================================================


New Course ==========================================
42.177368, -83.652526, 245.30, 0.17, 0.38, 16:18:04
42.177368, -83.652526, 245.30, 0.17, 0.38, 16:18:04
42.177368, -83.652526, 245.30, 0.09, 0.20, 16:18:04
42.177368, -83.652526, 245.30, 0.09, 0.20, 16:18:04
42.177368, -83.652526, 245.30, 0.09, 0.20, 16:18:05
42.177368, -83.652526, 245.30, 0.10, 0.22, 16:18:05
42.177368, -83.652526, 245.30, 0.10, 0.22, 16:18:05
42.177368, -83.652526, 245.30, 0.11, 0.25, 16:18:06
42.177368, -83.652526, 245.30, 0.11, 0.25, 16:18:06
42.177368, -83.652526, 245.30, 0.14, 0.31, 16:18:06
42.177368, -83.652526, 245.30, 0.15, 0.33, 16:18:06
42.177368, -83.652526, 245.30, 0.15, 0.35, 16:18:07
42.177368, -83.652526, 245.30, 0.15, 0.35, 16:18:07
42.177368, -83.652526, 245.30, 0.21, 0.47, 16:18:07
42.177368, -83.652526, 245.30, 0.21, 0.47, 16:18:08
42.177364, -83.652526, 245.30, 0.23, 0.52, 16:18:08
42.177364, -83.652526, 245.30, 0.17, 0.39, 16:18:08
42.177364, -83.652526, 245.30, 0.17, 0.39, 16:18:08
42.177364, -83.652526, 245.30, 0.17, 0.39, 16:18:09
42.177364, -83.652526, 245.30, 0.17, 0.39, 16:18:09
42.177364, -83.652526, 245.30, 0.19, 0.43, 16:18:09
42.177364, -83.652526, 245.30, 0.19, 0.43, 16:18:10
42.177364, -83.652526, 245.30, 0.19, 0.43, 16:18:10
42.177360, -83.652526, 245.40, 0.19, 0.43, 16:18:11
42.177360, -83.652526, 245.40, 0.17, 0.38, 16:18:11
42.177360, -83.652526, 245.40, 0.17, 0.38, 16:18:11
42.177360, -83.652526, 245.40, 0.17, 0.38, 16:18:12
42.177360, -83.652526, 245.40, 0.17, 0.38, 16:18:12
42.177360, -83.652526, 245.40, 0.22, 0.48, 16:18:12
42.177360, -83.652526, 245.40, 0.26, 0.58, 16:18:12
42.177356, -83.652526, 245.40, 0.26, 0.58, 16:18:13
42.177356, -83.652526, 245.40, 0.24, 0.53, 16:18:13
42.177356, -83.652526, 245.40, 0.24, 0.53, 16:18:13
42.177356, -83.652526, 245.40, 0.24, 0.53, 16:18:14
42.177356, -83.652526, 245.40, 0.24, 0.53, 16:18:14
42.177356, -83.652526, 245.40, 0.14, 0.31, 16:18:14
42.177356, -83.652526, 245.40, 0.16, 0.36, 16:18:15
42.177356, -83.652526, 245.40, 0.16, 0.36, 16:18:15
42.177356, -83.652526, 245.40, 0.32, 0.72, 16:18:15
42.177352, -83.652526, 245.40, 0.32, 0.72, 16:18:16
42.177341, -83.652534, 245.40, 1.38, 3.08, 16:18:16
42.177326, -83.652519, 245.40, 3.84, 8.60, 16:18:16
42.177314, -83.652511, 245.40, 4.12, 9.21, 16:18:16
42.177299, -83.652511, 245.10, 4.12, 9.21, 16:18:17
42.177291, -83.652511, 245.10, 3.24, 7.25, 16:18:17
42.177288, -83.652511, 245.10, 2.75, 6.16, 16:18:17
42.177280, -83.652511, 245.10, 2.39, 5.35, 16:18:17
42.177276, -83.652511, 245.10, 2.13, 4.78, 16:18:17
42.177268, -83.652511, 245.60, 2.13, 4.78, 16:18:18
42.177265, -83.652511, 245.80, 2.13, 4.78, 16:18:18
42.177265, -83.652511, 245.80, 0.31, 0.69, 16:18:18
42.177265, -83.652511, 246.10, 0.31, 0.69, 16:18:19
42.177265, -83.652511, 246.10, 0.39, 0.86, 16:18:19
42.177265, -83.652511, 246.10, 0.39, 0.87, 16:18:19
42.177261, -83.652511, 246.40, 0.39, 0.87, 16:18:20
42.177261, -83.652511, 246.60, 0.39, 0.87, 16:18:20
42.177261, -83.652511, 246.80, 0.39, 0.87, 16:18:20
42.177261, -83.652511, 246.80, 0.35, 0.78, 16:18:21
42.177257, -83.652511, 246.80, 0.32, 0.72, 16:18:21
42.177257, -83.652511, 246.80, 0.30, 0.68, 16:18:21
42.177257, -83.652511, 247.10, 0.30, 0.68, 16:18:21
42.177257, -83.652511, 247.10, 0.30, 0.68, 16:18:22
42.177253, -83.652511, 247.10, 0.30, 0.68, 16:18:22
42.177253, -83.652503, 247.20, 0.30, 0.68, 16:18:23
42.177253, -83.652503, 247.30, 0.30, 0.68, 16:18:23
42.177249, -83.652503, 247.30, 0.30, 0.68, 16:18:23
42.177249, -83.652503, 247.30, 0.09, 0.20, 16:18:24
42.177249, -83.652503, 247.40, 0.09, 0.20, 16:18:24
42.177249, -83.652503, 247.40, 0.09, 0.20, 16:18:24
42.177249, -83.652503, 247.40, 0.09, 0.20, 16:18:25
42.177249, -83.652503, 247.40, 0.09, 0.20, 16:18:25
42.177249, -83.652503, 247.40, 0.09, 0.20, 16:18:26
42.177249, -83.652503, 247.40, 0.09, 0.20, 16:18:26
42.177249, -83.652503, 247.50, 0.09, 0.20, 16:18:26
42.177249, -83.652503, 247.50, 0.09, 0.20, 16:18:27
42.177249, -83.652503, 247.50, 0.09, 0.20, 16:18:27
42.177249, -83.652503, 247.50, 0.09, 0.20, 16:18:27
42.177249, -83.652503, 247.50, 0.19, 0.41, 16:18:28
42.177246, -83.652503, 247.50, 0.19, 0.41, 16:18:28
42.177246, -83.652503, 247.50, 0.19, 0.41, 16:18:28
42.177246, -83.652503, 247.50, 0.19, 0.41, 16:18:29
42.177246, -83.652503, 247.50, 0.28, 0.63, 16:18:29
42.177242, -83.652503, 247.50, 0.30, 0.67, 16:18:29
42.177242, -83.652503, 247.50, 0.31, 0.70, 16:18:29
42.177242, -83.652503, 247.50, 0.31, 0.70, 16:18:30
42.177238, -83.652496, 247.40, 0.31, 0.70, 16:18:30
42.177238, -83.652496, 247.40, 0.31, 0.70, 16:18:30
42.177230, -83.652496, 247.40, 0.29, 0.66, 16:18:31
42.177223, -83.652496, 247.30, 0.29, 0.66, 16:18:31
42.177219, -83.652488, 247.30, 0.29, 0.66, 16:18:31
42.177219, -83.652488, 247.30, 0.27, 0.61, 16:18:32
42.177215, -83.652488, 247.30, 0.27, 0.60, 16:18:32
42.177211, -83.652488, 247.40, 0.27, 0.60, 16:18:32
42.177207, -83.652488, 247.40, 0.27, 0.60, 16:18:33
42.177207, -83.652488, 247.40, 0.23, 0.51, 16:18:33
42.177207, -83.652488, 247.40, 0.23, 0.51, 16:18:33
42.177204, -83.652488, 247.40, 0.23, 0.51, 16:18:33
42.177204, -83.652488, 247.40, 0.22, 0.49, 16:18:34
42.177204, -83.652488, 247.50, 0.22, 0.49, 16:18:34
42.177204, -83.652488, 247.50, 0.22, 0.49, 16:18:34
42.177204, -83.652488, 247.50, 0.22, 0.49, 16:18:35
42.177200, -83.652488, 247.50, 0.22, 0.49, 16:18:35
42.177200, -83.652488, 247.50, 0.22, 0.49, 16:18:36
42.177200, -83.652488, 247.50, 0.22, 0.49, 16:18:36
42.177196, -83.652488, 247.50, 0.22, 0.49, 16:18:36
42.177196, -83.652488, 247.50, 0.22, 0.49, 16:18:37
42.177196, -83.652488, 247.50, 0.22, 0.49, 16:18:37
42.177196, -83.652488, 247.50, 0.22, 0.49, 16:18:38
42.177196, -83.652488, 247.50, 0.22, 0.49, 16:18:38
42.177196, -83.652488, 247.50, 0.28, 0.62, 16:18:38
END =================================================


New Course ==========================================
42.177143, -83.652465, 247.30, 0.28, 0.62, 16:18:42
42.177135, -83.652465, 247.20, 0.28, 0.62, 16:18:42
42.177127, -83.652465, 247.20, 0.28, 0.62, 16:18:42
42.177124, -83.652465, 247.20, 0.28, 0.62, 16:18:43
42.177120, -83.652465, 247.20, 0.28, 0.62, 16:18:43
42.177120, -83.652465, 247.20, 0.25, 0.56, 16:18:43
42.177120, -83.652465, 247.20, 0.25, 0.56, 16:18:44
42.177120, -83.652465, 247.20, 0.25, 0.55, 16:18:44
42.177112, -83.652465, 247.30, 0.25, 0.55, 16:18:44
42.177108, -83.652465, 247.20, 0.25, 0.55, 16:18:45
42.177104, -83.652465, 247.20, 0.25, 0.56, 16:18:45
42.177101, -83.652465, 247.20, 0.25, 0.56, 16:18:45
42.177097, -83.652465, 247.10, 0.25, 0.56, 16:18:46
42.177097, -83.652465, 247.10, 0.25, 0.56, 16:18:46
42.177097, -83.652465, 247.10, 0.25, 0.56, 16:18:46
42.177097, -83.652465, 247.10, 0.25, 0.56, 16:18:47
42.177097, -83.652465, 247.10, 0.25, 0.56, 16:18:47
42.177093, -83.652465, 247.10, 0.26, 0.59, 16:18:47
42.177093, -83.652465, 247.10, 0.26, 0.59, 16:18:48
42.177093, -83.652465, 247.10, 0.27, 0.60, 16:18:48
42.177093, -83.652465, 247.10, 0.27, 0.60, 16:18:48
42.177093, -83.652465, 247.10, 0.27, 0.60, 16:18:49
42.177093, -83.652465, 247.10, 0.27, 0.60, 16:18:49
42.177093, -83.652465, 247.10, 0.27, 0.60, 16:18:49
42.177085, -83.652458, 247.10, 0.27, 0.60, 16:18:49
42.177078, -83.652458, 247.10, 0.27, 0.60, 16:18:50
42.177059, -83.652458, 247.10, 0.27, 0.60, 16:18:50
42.177024, -83.652458, 247.00, 0.27, 0.60, 16:18:51
42.176994, -83.652458, 246.90, 0.27, 0.60, 16:18:51
42.176986, -83.652458, 246.90, 2.15, 4.81, 16:18:51
42.176979, -83.652450, 246.90, 1.73, 3.88, 16:18:51
42.176967, -83.652450, 246.70, 1.73, 3.88, 16:18:52
42.176959, -83.652450, 246.70, 1.71, 3.82, 16:18:52
42.176956, -83.652450, 246.70, 1.56, 3.50, 16:18:52
END =================================================
